Class: 1
Left: 1114.5528564453125
Right: 1276.8553466796875
Confidence: 97.42072224617004
valve5_pin